59
36
20
51
13
2
10
12
26
27
46
40
24
3
51
13
26
48
29
27
34
11
15
27
38
17
32
14
30
47
53
42
52
25
8
44
19
55
7
33
40
8
13
47
47
45
2
2
43
44
41
46
1
3
23
34
14
22
10
15
48
39
16
49
57
4
14
33
20
17
31
12
19
40
38
39
31
31
35
58
11
17
33
37
16
15
10
5
36
36
13
53
13
38
9
37
32
4
28
34
3
45
55
39
18
40
10
5
15
14
53
30
59
19
31
57
51
25
7
42
52
24
10
41
7
51
58
49
33
9
2
4
8
49
58
48
12
4
33
49
6
36
54
1
35
8
53
2
40
29
21
16
22
25
30
27
29
18
31
22
9
6
15
43
28
34
24
3
8
22
23
21
26
26
55
24
16
1
40
11
32
21
41
52
35
17
44
31
6
36
7
29
41
34
56
31
21
22
18
11
54
23
30
5
6
5
36
44
48
48
20
17
23
32
37
19
42
42
18
4
28
1
12
25
57
50
23
56
59
38
35
50
42
29
11
47
45
43
24
54
20
26
20
30
3
41
6
12
25
46
18
