70
27
66
43
28
33
22
32
50
36
16
4
65
43
17
20
18
48
51
11
41
19
40
8
25
25
59
69
18
3
14
59
53
18
50
2
55
42
14
24
21
57
25
33
4
43
63
60
46
9
4
19
53
20
46
32
22
1
23
17
18
29
60
14
10
34
3
11
9
4
10
52
34
69
22
56
15
56
59
64
3
47
47
39
57
12
23
9
11
53
62
44
13
12
30
13
21
16
11
17
33
6
49
12
7
18
27
50
29
15
16
15
28
16
35
35
62
41
45
53
49
19
30
26
14
47
51
6
40
8
57
34
36
27
17
68
20
5
47
56
30
32
50
58
5
26
3
7
5
31
20
23
31
23
13
49
21
29
63
31
42
58
54
4
32
41
25
40
49
5
17
38
2
17
38
8
28
58
18
25
18
69
6
23
19
13
37
3
39
54
58
20
2
64
62
46
44
24
44
1
37
54
30
45
67
23
35
9
5
1
55
35
18
59
46
17
57
7
19
65
24
2
29
43
36
22
7
45
33
27
38
33
34
30
54
53
52
19
57
26
11
67
15
61
18
63
45
28
62
21
28
47
2
64
16
34
27
34
25
12
47
68
15
48
31
67
42
39
38
47
26
11
12
13
6
22
15
41
35
56
10
36
3
51
1
55
51
51
62
40
56
55
25
6
41
24
52
50
45
39
43
54
16
36
29
69
42
37
1
23
7
17
55
70
33
5
51
57
26
26
1
9
61
68
37
19
49
2
8
24
35
2
22
44
43
44
37
19
4
10
45
43
32
63
27
38
60
39
40
7
37
8
1
14
58
44
57
13
45
59
10
26
14
46
29
12
40
49
2
20
40
65
58
20
39
10
46
48
42
11
30
32
41
63
52
13
11
6
47
13
28
21
12
24
24
38
64
30
56
7
49
50
4
38
27
29
1
5
32
39
35
14
22
51
3
21
12
15
37
8
8
14
61
14
34
9
53
56
23
36
37
6
24
46
20
9
44
16
35
55
64
63
34
48
28
56
16
1
66
32
31
60
44
9
36
56
15
60
42
52
8
48
65
46
35
7
30
70
16
31
48
39
54
66
41
23
60
31
28
40
33
10
50
21
54
33
9
52
8
66
29
5
58
10
29
59
48
22
51
4
50
