43
17
36
9
7
21
3
37
36
21
9
19
1
23
18
12
5
36
13
2
34
33
24
34
32
3
27
36
29
7
15
32
2
39
6
20
41
27
10
26
4
17
1
2
35
31
12
7
17
38
18
1
34
21
32
22
2
11
1
19
29
41
1
25
2
32
7
18
17
5
24
11
43
14
30
15
17
31
25
22
22
5
28
4
6
42
31
20
13
7
19
31
37
25
26
14
3
22
1
25
41
1
16
1
36
6
9
23
25
5
21
34
36
25
22
13
13
33
33
22
21
25
18
8
23
31
12
8
4
39
13
31
16
18
11
19
14
15
24
18
2
23
38
29
9
1
22
14
18
13
9
12
8
9
15
15
14
4
16
14
6
19
18
8
32
1
9
20
37
11
41
28
30
22
32
24
35
27
38
15
2
17
9
40
29
28
11
23
9
10
31
22
22
37
17
16
7
7
12
5
17
38
11
24
6
28
5
2
30
1
4
27
34
7
31
37
13
3
30
16
13
34
4
23
3
2
30
5
31
30
12
5
34
38
29
13
36
32
32
33
20
27
21
37
11
17
19
31
15
8
11
35
34
10
25
10
39
16
10
16
40
26
34
7
37
35
9
7
16
16
33
10
21
35
27
31
26
15
14
33
4
34
8
10
27
26
3
28
20
40
12
6
25
8
32
20
17
1
38
38
23
36
19
2
40
3
4
10
13
26
35
17
20
33
1
29
23
25
24
29
10
28
11
14
19
25
3
20
34
26
27
19
27
24
41
11
27
29
23
28
24
22
24
5
13
15
18
36
21
8
14
11
12
18
27
22
14
1
20
37
16
21
30
30
9
37
9
20
28
11
1
4
32
35
28
7
21
3
13
35
10
38
6
15
17
11
23
4
29
5
30
4
39
3
30
15
6
22
20
12
20
11
8
42
17
10
6
2
2
21
3
18
28
4
12
33
14
6
27
24
10
24
29
35
37
14
6
40
4
26
40
36
20
2
18
26
39
18
13
8
3
14
16
33
5
16
15
31
26
6
2
41
12
19
13
42
14
23
21
25
43
7
39
22
12
32
7
33
25
27
34
6
8
27
2
16
26
27
16
8
22
8
8
23
19
21
9
36
8
39
16
6
3
28
15
1
19
30
21
4
5
