190
47
33
168
5
34
75
1
30
44
150
182
56
40
69
160
37
18
115
39
60
62
86
64
15
31
2
156
82
15
24
165
39
22
161
184
23
91
28
43
36
129
137
141
161
1
134
138
128
70
6
133
88
84
63
60
41
168
125
117
36
9
139
89
140
90
22
28
110
22
149
69
13
125
154
112
123
44
1
144
90
114
88
134
108
149
40
31
30
20
140
29
107
130
157
12
20
7
77
28
72
70
83
57
103
125
162
14
124
55
77
8
87
167
171
94
149
119
51
150
20
116
22
145
120
157
61
62
130
37
80
20
122
41
104
83
68
127
117
172
15
188
139
40
74
48
173
20
78
136
99
94
33
6
57
61
178
54
152
138
137
45
109
144
119
37
78
28
17
80
56
102
36
173
58
180
52
2
78
89
168
3
142
23
164
108
38
84
94
5
114
169
12
110
21
107
96
66
39
98
166
114
165
23
107
55
95
2
9
167
81
135
66
144
117
175
58
131
103
167
58
5
76
166
78
8
110
32
77
150
49
26
56
74
58
183
48
47
35
140
163
128
89
148
115
12
55
129
12
104
80
145
48
63
127
7
13
13
112
118
82
81
185
33
87
105
175
11
9
171
104
98
121
43
79
21
183
120
70
68
68
15
85
69
121
24
154
4
101
63
58
61
33
141
107
17
8
184
154
121
121
112
112
82
44
100
54
148
110
129
118
141
91
153
105
138
57
148
181
30
16
113
17
95
78
100
68
82
176
19
17
67
73
92
48
93
14
3
56
29
165
115
61
34
45
167
126
98
101
29
73
13
54
102
76
149
179
85
177
51
18
118
9
147
26
49
141
27
173
164
14
178
25
77
122
32
94
10
67
170
188
104
59
115
161
68
59
50
147
91
109
101
110
126
67
62
18
122
35
27
133
83
161
18
18
102
103
129
16
176
99
106
113
10
150
37
56
159
42
113
64
2
13
131
149
36
96
152
147
114
181
135
87
83
174
95
155
155
55
5
34
42
168
88
169
122
94
87
175
166
133
123
160
176
73
34
55
140
53
146
11
184
38
138
130
98
86
97
110
45
41
156
10
106
50
172
20
111
129
168
92
19
110
149
147
35
89
170
130
48
39
116
113
170
60
4
42
63
24
38
81
7
90
66
134
32
6
14
64
30
9
79
109
30
47
148
69
104
113
99
117
50
124
95
135
3
177
146
84
37
161
170
137
67
186
85
89
61
19
105
44
39
31
35
26
155
6
57
139
51
187
71
52
143
23
83
17
84
101
19
127
92
53
90
90
42
59
24
13
146
26
124
114
46
120
4
151
11
43
25
1
138
21
103
3
158
80
126
136
65
70
96
128
8
65
112
151
153
115
86
91
176
133
121
131
140
26
145
120
119
29
123
86
61
109
51
174
49
27
169
93
171
23
142
60
100
24
11
108
44
146
142
64
22
66
160
100
4
92
59
162
52
54
116
71
96
43
89
74
65
99
62
150
26
35
169
11
115
181
189
83
180
118
53
134
34
27
85
16
38
27
101
179
76
40
157
72
67
31
75
132
6
41
4
62
34
108
130
64
122
123
70
116
12
91
80
174
180
84
43
23
31
152
84
52
50
121
67
32
154
59
47
106
177
140
71
82
25
46
136
156
127
73
162
19
22
14
42
138
95
152
179
185
178
21
163
142
109
136
80
10
54
144
40
135
36
108
131
30
53
31
181
97
139
49
7
96
97
133
45
41
164
125
81
190
71
111
163
60
73
125
141
76
156
10
92
148
18
106
72
73
85
73
98
159
15
33
42
49
83
65
65
124
87
79
98
57
45
79
158
150
5
102
57
151
100
32
65
58
81
46
9
143
105
2
107
75
1
143
13
77
3
38
132
99
130
45
93
116
6
29
41
57
112
132
93
187
153
128
18
151
139
102
160
76
82
14
92
46
91
137
79
28
162
97
152
35
48
29
21
100
124
68
165
25
153
31
169
50
75
86
1
43
132
47
97
63
68
132
44
69
93
17
59
136
75
54
145
74
63
132
106
74
166
119
7
173
27
172
23
10
145
76
143
74
7
156
99
119
120
109
32
182
86
116
147
66
52
158
12
51
42
87
158
46
90
157
21
72
133
126
4
53
153
174
159
60
129
79
175
179
102
128
160
64
151
111
172
63
159
155
133
143
51
146
103
56
134
145
126
171
11
111
98
70
88
104
131
45
157
8
16
71
27
70
189
61
146
8
127
66
16
111
175
79
124
163
81
101
19
117
177
72
88
88
134
95
37
123
119
46
